TIMINGS UPPMAX

500 000 iterations

p = 1:

Average times: 
Rank	 T=25 		 T=50 		 T=75 		 T=100 
0 	 0.000786 	 0.001079 	 0.001318 	 0.001559 
Highest time: 799.485273

p = 2:

Average times: 
Rank	 T=25 		 T=50 		 T=75 		 T=100 
0 	 0.000894 	 0.001229 	 0.001503 	 0.001779 
1 	 0.000895 	 0.001231 	 0.001505 	 0.001781 
Highest time: 445.656395

p = 4:

Average times: 
Rank	 T=25 		 T=50 		 T=75 		 T=100 
0 	 0.000831 	 0.001143 	 0.001397 	 0.001655 
1 	 0.000824 	 0.001133 	 0.001385 	 0.001639 
2 	 0.000830 	 0.001142 	 0.001396 	 0.001654 
3 	 0.000839 	 0.001152 	 0.001408 	 0.001666 
Highest time: 208.336348

p = 8:

Average times: 
Rank	 T=25 		 T=50 		 T=75 		 T=100 
0 	 0.000863 	 0.001187 	 0.001451 	 0.001719 
1 	 0.000858 	 0.001178 	 0.001440 	 0.001703 
2 	 0.000862 	 0.001185 	 0.001449 	 0.001714 
3 	 0.000855 	 0.001176 	 0.001437 	 0.001702 
4 	 0.000862 	 0.001184 	 0.001447 	 0.001712 
5 	 0.000861 	 0.001181 	 0.001444 	 0.001708 
6 	 0.000857 	 0.001179 	 0.001451 	 0.001715 
7 	 0.000870 	 0.001194 	 0.001460 	 0.001726 
Highest time: 107.942970



p = 16:

Average times: 
Rank	 T=25 		 T=50 		 T=75 		 T=100 
0 	 0.000889 	 0.001222 	 0.001495 	 0.001770 
1 	 0.000890 	 0.001223 	 0.001496 	 0.001770 
2 	 0.000895 	 0.001230 	 0.001503 	 0.001778 
3 	 0.000893 	 0.001227 	 0.001499 	 0.001773 
4 	 0.000888 	 0.001222 	 0.001494 	 0.001769 
5 	 0.000892 	 0.001226 	 0.001499 	 0.001773 
6 	 0.000892 	 0.001226 	 0.001499 	 0.001775 
7 	 0.000888 	 0.001221 	 0.001493 	 0.001767 
8 	 0.000889 	 0.001223 	 0.001495 	 0.001771 
9 	 0.000888 	 0.001222 	 0.001494 	 0.001769 
10 	 0.000950 	 0.001284 	 0.001561 	 0.001836 
11 	 0.000888 	 0.001222 	 0.001494 	 0.001768 
12 	 0.000896 	 0.001232 	 0.001507 	 0.001784 
13 	 0.000895 	 0.001229 	 0.001502 	 0.001777 
14 	 0.000888 	 0.001241 	 0.001518 	 0.001792 
15 	 0.000888 	 0.001224 	 0.001498 	 0.001772 
Highest time: 57.428561





1 000 000 iterations

p = 1:

Average times: 
Rank	 T=25 		 T=50 		 T=75 		 T=100 
0 	 0.000808 	 0.001110 	 0.001355 	 0.001603 
Highest time: 1603.191816

p = 2:

Average times: 
Rank	 T=25 		 T=50 		 T=75 		 T=100 
0 	 0.000778 	 0.001069 	 0.001306 	 0.001545 
1 	 0.000772 	 0.001061 	 0.001295 	 0.001532 
Highest time: 772.589068

p = 4:

Average times: 
Rank	 T=25 		 T=50 		 T=75 		 T=100 
0 	 0.000792 	 0.001088 	 0.001328 	 0.001570 
1 	 0.000773 	 0.001062 	 0.001297 	 0.001534 
2 	 0.000782 	 0.001074 	 0.001312 	 0.001551 
3 	 0.000783 	 0.001075 	 0.001313 	 0.001553 
Highest time: 392.641286

p = 8

Average times: 
Rank	 T=25 		 T=50 		 T=75 		 T=100 
0 	 0.000807 	 0.001109 	 0.001354 	 0.001601 
1 	 0.000801 	 0.001100 	 0.001343 	 0.001587 
2 	 0.000817 	 0.001122 	 0.001371 	 0.001622 
3 	 0.000799 	 0.001099 	 0.001342 	 0.001587 
4 	 0.000822 	 0.001129 	 0.001379 	 0.001631 
5 	 0.000801 	 0.001100 	 0.001343 	 0.001588 
6 	 0.000807 	 0.001108 	 0.001353 	 0.001601 
7 	 0.000810 	 0.001112 	 0.001359 	 0.001607 
Highest time: 203.891604

p = 16

Average times: 
Rank	 T=25 		 T=50 		 T=75 		 T=100 
0 	 0.000859 	 0.001181 	 0.001442 	 0.001705 
1 	 0.000859 	 0.001179 	 0.001440 	 0.001704 
2 	 0.000859 	 0.001180 	 0.001441 	 0.001704 
3 	 0.000859 	 0.001180 	 0.001442 	 0.001704 
4 	 0.000862 	 0.001183 	 0.001444 	 0.001707 
5 	 0.000863 	 0.001186 	 0.001449 	 0.001714 
6 	 0.000867 	 0.001191 	 0.001455 	 0.001720 
7 	 0.000858 	 0.001178 	 0.001439 	 0.001702 
8 	 0.000865 	 0.001188 	 0.001451 	 0.001715 
9 	 0.000858 	 0.001179 	 0.001439 	 0.001702 
10 	 0.000867 	 0.001191 	 0.001454 	 0.001720 
11 	 0.000858 	 0.001178 	 0.001439 	 0.001702 
12 	 0.000858 	 0.001179 	 0.001439 	 0.001702 
13 	 0.000858 	 0.001179 	 0.001439 	 0.001702 
14 	 0.000858 	 0.001179 	 0.001440 	 0.001703 
15 	 0.000861 	 0.001182 	 0.001446 	 0.001709 
Highest time: 107.572348



1 500 000 iterations

p = 1

Average times: 
Rank	 T=25 		 T=50 		 T=75 		 T=100 
0 	 0.000975 	 0.001324 	 0.001612 	 0.001900 
Highest time: 2850.855772


p = 2

Average times: 
Rank	 T=25 		 T=50 		 T=75 		 T=100 
0 	 0.000828 	 0.001139 	 0.001392 	 0.001648 
1 	 0.000832 	 0.001146 	 0.001401 	 0.001658 
Highest time: 1243.972826


p = 4

Average times: 
Rank	 T=25 		 T=50 		 T=75 		 T=100 
0 	 0.000863 	 0.001185 	 0.001449 	 0.001715 
1 	 0.000862 	 0.001186 	 0.001451 	 0.001717 
2 	 0.000861 	 0.001184 	 0.001448 	 0.001713 
3 	 0.000864 	 0.001187 	 0.001451 	 0.001716 
Highest time: 643.885114



p = 8

Average times: 
Rank	 T=25 		 T=50 		 T=75 		 T=100 
0 	 0.000889 	 0.001222 	 0.001494 	 0.001773 
1 	 0.000891 	 0.001225 	 0.001508 	 0.001783 
2 	 0.000896 	 0.001231 	 0.001505 	 0.001781 
3 	 0.000892 	 0.001225 	 0.001498 	 0.001773 
4 	 0.000887 	 0.001221 	 0.001493 	 0.001768 
5 	 0.000908 	 0.001247 	 0.001525 	 0.001804 
6 	 0.000887 	 0.001221 	 0.001492 	 0.001768 
7 	 0.000888 	 0.001221 	 0.001493 	 0.001767 
Highest time: 338.265347



p = 16

Average times: 
Rank	 T=25 		 T=50 		 T=75 		 T=100 
0 	 0.000864 	 0.001185 	 0.001448 	 0.001712 
1 	 0.000866 	 0.001188 	 0.001451 	 0.001716 
2 	 0.000861 	 0.001181 	 0.001443 	 0.001706 
3 	 0.000861 	 0.001181 	 0.001443 	 0.001706 
4 	 0.000861 	 0.001180 	 0.001442 	 0.001705 
5 	 0.000861 	 0.001181 	 0.001442 	 0.001706 
6 	 0.000861 	 0.001181 	 0.001443 	 0.001707 
7 	 0.000861 	 0.001181 	 0.001443 	 0.001706 
8 	 0.000860 	 0.001180 	 0.001441 	 0.001705 
9 	 0.000861 	 0.001181 	 0.001443 	 0.001707 
10 	 0.000862 	 0.001182 	 0.001444 	 0.001708 
11 	 0.000970 	 0.001334 	 0.001630 	 0.001928 
12 	 0.000882 	 0.001210 	 0.001477 	 0.001748 
13 	 0.000864 	 0.001185 	 0.001448 	 0.001712 
14 	 0.000867 	 0.001189 	 0.001453 	 0.001718 
15 	 0.000861 	 0.001181 	 0.001442 	 0.001706 
Highest time: 180.801227




WEAK FORM:

p = 1, 250 000 iterations

Average times: 
Rank	 T=25 		 T=50 		 T=75 		 T=100 
0 	 0.000823 	 0.001130 	 0.001380 	 0.001632 
Highest time: 408.205329


p = 2, 500 000 iterations

Average times: 
Rank	 T=25 		 T=50 		 T=75 		 T=100 
0 	 0.000823 	 0.001131 	 0.001382 	 0.001635 
1 	 0.000828 	 0.001137 	 0.001388 	 0.001641 
Highest time: 410.560950


p = 4, 1 000 000 iterations

Average times: 
Rank	 T=25 		 T=50 		 T=75 		 T=100 
0 	 0.000792 	 0.001088 	 0.001328 	 0.001570 
1 	 0.000773 	 0.001062 	 0.001297 	 0.001534 
2 	 0.000782 	 0.001074 	 0.001312 	 0.001551 
3 	 0.000783 	 0.001075 	 0.001313 	 0.001553 
Highest time: 392.641286

p = 8, 2 000 000 iterations
Average times: 
Rank	 T=25 		 T=50 		 T=75 		 T=100 
0 	 0.000862 	 0.001185 	 0.001448 	 0.001713 
1 	 0.000859 	 0.001179 	 0.001440 	 0.001702 
2 	 0.000864 	 0.001187 	 0.001450 	 0.001716 
3 	 0.000860 	 0.001182 	 0.001445 	 0.001710 
4 	 0.000858 	 0.001179 	 0.001440 	 0.001703 
5 	 0.000842 	 0.001157 	 0.001413 	 0.001671 
6 	 0.000861 	 0.001182 	 0.001443 	 0.001706 
7 	 0.000878 	 0.001205 	 0.001471 	 0.001738 
Highest time: 434.628664

p = 16, 4 000 000 iterations
Average times: 
Rank	 T=25 		 T=50 		 T=75 		 T=100 
0 	 0.000859 	 0.001180 	 0.001441 	 0.001705 
1 	 0.000861 	 0.001183 	 0.001445 	 0.001710 
2 	 0.000889 	 0.001225 	 0.001496 	 0.001771 
3 	 0.000858 	 0.001179 	 0.001440 	 0.001703 
4 	 0.000858 	 0.001179 	 0.001440 	 0.001703 
5 	 0.000859 	 0.001180 	 0.001440 	 0.001703 
6 	 0.000858 	 0.001179 	 0.001440 	 0.001703 
7 	 0.000858 	 0.001179 	 0.001440 	 0.001703 
8 	 0.000858 	 0.001179 	 0.001440 	 0.001702 
9 	 0.000858 	 0.001179 	 0.001439 	 0.001702 
10 	 0.000858 	 0.001178 	 0.001439 	 0.001702 
11 	 0.000858 	 0.001179 	 0.001440 	 0.001703 
12 	 0.000859 	 0.001180 	 0.001441 	 0.001703 
13 	 0.000859 	 0.001179 	 0.001439 	 0.001702 
14 	 0.000867 	 0.001191 	 0.001455 	 0.001721 
15 	 0.000859 	 0.001179 	 0.001440 	 0.001703 
Highest time: 442.951612
