TIMINGS UPPMAX

1 000 000 iterations

p = 1:

Average times: 
Rank	 T=25 		 T=50 		 T=75 		 T=100 
0 	 0.000808 	 0.001110 	 0.001355 	 0.001603 
Highest time: 1603.191816

p = 2:

Average times: 
Rank	 T=25 		 T=50 		 T=75 		 T=100 
0 	 0.000778 	 0.001069 	 0.001306 	 0.001545 
1 	 0.000772 	 0.001061 	 0.001295 	 0.001532 
Highest time: 772.589068

p = 4:

Average times: 
Rank	 T=25 		 T=50 		 T=75 		 T=100 
0 	 0.000792 	 0.001088 	 0.001328 	 0.001570 
1 	 0.000773 	 0.001062 	 0.001297 	 0.001534 
2 	 0.000782 	 0.001074 	 0.001312 	 0.001551 
3 	 0.000783 	 0.001075 	 0.001313 	 0.001553 
Highest time: 392.641286

p = 8

Average times: 
Rank	 T=25 		 T=50 		 T=75 		 T=100 
0 	 0.000807 	 0.001109 	 0.001354 	 0.001601 
1 	 0.000801 	 0.001100 	 0.001343 	 0.001587 
2 	 0.000817 	 0.001122 	 0.001371 	 0.001622 
3 	 0.000799 	 0.001099 	 0.001342 	 0.001587 
4 	 0.000822 	 0.001129 	 0.001379 	 0.001631 
5 	 0.000801 	 0.001100 	 0.001343 	 0.001588 
6 	 0.000807 	 0.001108 	 0.001353 	 0.001601 
7 	 0.000810 	 0.001112 	 0.001359 	 0.001607 
Highest time: 203.891604

p = 16

Average times: 
Rank	 T=25 		 T=50 		 T=75 		 T=100 
0 	 0.000859 	 0.001181 	 0.001442 	 0.001705 
1 	 0.000859 	 0.001179 	 0.001440 	 0.001704 
2 	 0.000859 	 0.001180 	 0.001441 	 0.001704 
3 	 0.000859 	 0.001180 	 0.001442 	 0.001704 
4 	 0.000862 	 0.001183 	 0.001444 	 0.001707 
5 	 0.000863 	 0.001186 	 0.001449 	 0.001714 
6 	 0.000867 	 0.001191 	 0.001455 	 0.001720 
7 	 0.000858 	 0.001178 	 0.001439 	 0.001702 
8 	 0.000865 	 0.001188 	 0.001451 	 0.001715 
9 	 0.000858 	 0.001179 	 0.001439 	 0.001702 
10 	 0.000867 	 0.001191 	 0.001454 	 0.001720 
11 	 0.000858 	 0.001178 	 0.001439 	 0.001702 
12 	 0.000858 	 0.001179 	 0.001439 	 0.001702 
13 	 0.000858 	 0.001179 	 0.001439 	 0.001702 
14 	 0.000858 	 0.001179 	 0.001440 	 0.001703 
15 	 0.000861 	 0.001182 	 0.001446 	 0.001709 
Highest time: 107.572348
